t 1 2 3 jV0200 jV0300 
0 0 0 0 0 0
5e-06 0 0.0941083 0.00628314 0 0
1e-05 0 0.187381 0.012566 0 0
1.5e-05 0 0.278991 0.0188484 0 0
2e-05 0 0.368125 0.0251301 0 0
2.5e-05 0 0.45399 0.0314108 0 0
3e-05 0 0.535827 0.0376902 0 0
3.5e-05 0 0.612907 0.0439681 0 0
4e-05 0 0.684547 0.0502443 0 0
4.5e-05 0 0.750111 0.0565185 0 0
5e-05 0 0.809017 0.0627905 0 0
5.5e-05 0 0.860742 0.06906 0 0
6e-05 0 0.904827 0.0753268 0 0
6.5e-05 0 0.940881 0.0815906 0 0
7e-05 0 0.968583 0.0878512 0 0
7.5e-05 0 0.987688 0.0941083 0 0
8e-05 0 0.998027 0.100362 0 0
8.5e-05 0 0.999507 0.106611 0 0
9e-05 0 0.992115 0.112856 0 0
9.5e-05 0 0.975917 0.119097 0 0
0.0001 0 0.951057 0.125333 0 0
0.000105 0 0.917755 0.131564 0 0
0.00011 0 0.876307 0.13779 0 0
0.000115 0 0.827081 0.144011 0 0
0.00012 0 0.770513 0.150226 0 0
0.000125 0 0.707107 0.156434 0 0
0.00013 0 0.637424 0.162637 0 0
0.000135 0 0.562083 0.168833 0 0
0.00014 0 0.481754 0.175023 0 0
0.000145 0 0.397148 0.181206 0 0
0.00015 0 0.309017 0.187381 0 0
0.000155 0 0.218143 0.193549 0 0
0.00016 0 0.125333 0.19971 0 0
0.000165 0 0.0314108 0.205863 0 0
0.00017 0 -0.0627905 0.212007 0 0
0.000175 0 -0.156434 0.218143 0 0
0.00018 0 -0.24869 0.224271 0 0
0.000185 0 -0.338738 0.230389 0 0
0.00019 0 -0.425779 0.236499 0 0
0.000195 0 -0.509041 0.242599 0 0
0.0002 0 -0.587785 0.24869 0 0
0.000205 0 -0.661312 0.254771 0 0
0.00021 0 -0.728969 0.260842 0 0
0.000215 0 -0.790155 0.266902 0 0
0.00022 0 -0.844328 0.272952 0 0
0.000225 0 -0.891007 0.278991 0 0
0.00023 0 -0.929776 0.285019 0 0
0.000235 0 -0.960294 0.291036 0 0
0.00024 0 -0.982287 0.297042 0 0
0.000245 0 -0.995562 0.303035 0 0
0.00025 0 -1 0.309017 0 0
0.000255 0 -0.995562 0.314987 0 0
0.00026 0 -0.982287 0.320944 0 0
0.000265 0 -0.960294 0.326888 0 0
0.00027 0 -0.929776 0.33282 0 0
0.000275 0 -0.891007 0.338738 0 0
0.00028 0 -0.844328 0.344643 0 0
0.000285 0 -0.790155 0.350534 0 0
0.00029 0 -0.728969 0.356412 0 0
0.000295 0 -0.661312 0.362275 0 0
0.0003 0 -0.587785 0.368125 0 0
0.000305 0 -0.509041 0.373959 0 0
0.00031 0 -0.425779 0.379779 0 0
0.000315 0 -0.338738 0.385584 0 0
0.00032 0 -0.24869 0.391374 0 0
0.000325 0 -0.156434 0.397148 0 0
0.00033 0 -0.0627905 0.402906 0 0
0.000335 0 0.0314108 0.408649 0 0
0.00034 0 0.125333 0.414376 0 0
0.000345 0 0.218143 0.420086 0 0
0.00035 0 0.309017 0.425779 0 0
0.000355 0 0.397148 0.431456 0 0
0.00036 0 0.481754 0.437116 0 0
0.000365 0 0.562083 0.442758 0 0
0.00037 0 0.637424 0.448383 0 0
0.000375 0 0.707107 0.45399 0 0
0.00038 0 0.770513 0.45958 0 0
0.000385 0 0.827081 0.465151 0 0
0.00039 0 0.876307 0.470704 0 0
0.000395 0 0.917755 0.476238 0 0
0.0004 0 0.951057 0.481754 0 0
0.000405 0 0.975917 0.48725 0 0
0.00041 0 0.992115 0.492727 0 0
0.000415 0 0.999507 0.498185 0 0
0.00042 0 0.998027 0.503623 0 0
0.000425 0 0.987688 0.509041 0 0
0.00043 0 0.968583 0.51444 0 0
0.000435 0 0.940881 0.519817 0 0
0.00044 0 0.904827 0.525175 0 0
0.000445 0 0.860742 0.530511 0 0
0.00045 0 0.809017 0.535827 0 0
0.000455 0 0.750111 0.541121 0 0
0.00046 0 0.684547 0.546394 0 0
0.000465 0 0.612907 0.551646 0 0
0.00047 0 0.535827 0.556876 0 0
0.000475 0 0.45399 0.562083 0 0
0.00048 0 0.368125 0.567269 0 0
0.000485 0 0.278991 0.572432 0 0
0.00049 0 0.187381 0.577573 0 0
0.000495 0 0.0941083 0.58269 0 0
0.0005 0 -1.73962e-14 0.587785 0 0
0.000505 0 -0.0941083 0.592857 0 0
0.00051 0 -0.187381 0.597905 0 0
0.000515 0 -0.278991 0.60293 0 0
0.00052 0 -0.368125 0.60793 0 0
0.000525 0 -0.45399 0.612907 0 0
0.00053 0 -0.535827 0.61786 0 0
0.000535 0 -0.612907 0.622788 0 0
0.00054 0 -0.684547 0.627691 0 0
0.000545 0 -0.750111 0.63257 0 0
0.00055 0 -0.809017 0.637424 0 0
0.000555 0 -0.860742 0.642253 0 0
0.00056 0 -0.904827 0.647056 0 0
0.000565 0 -0.940881 0.651834 0 0
0.00057 0 -0.968583 0.656586 0 0
0.000575 0 -0.987688 0.661312 0 0
0.00058 0 -0.998027 0.666012 0 0
0.000585 0 -0.999507 0.670686 0 0
0.00059 0 -0.992115 0.675333 0 0
0.000595 0 -0.975917 0.679953 0 0
0.0006 0 -0.951057 0.684547 0 0
0.000605 0 -0.917755 0.689114 0 0
0.00061 0 -0.876307 0.693653 0 0
0.000615 0 -0.827081 0.698165 0 0
0.00062 0 -0.770513 0.70265 0 0
0.000625 0 -0.707107 0.707107 0 0
0.00063 0 -0.637424 0.711536 0 0
0.000635 0 -0.562083 0.715936 0 0
0.00064 0 -0.481754 0.720309 0 0
0.000645 0 -0.397148 0.724653 0 0
0.00065 0 -0.309017 0.728969 0 0
0.000655 0 -0.218143 0.733255 0 0
0.00066 0 -0.125333 0.737513 0 0
0.000665 0 -0.0314108 0.741742 0 0
0.00067 0 0.0627905 0.745941 0 0
0.000675 0 0.156434 0.750111 0 0
0.00068 0 0.24869 0.754251 0 0
0.000685 0 0.338738 0.758362 0 0
0.00069 0 0.425779 0.762443 0 0
0.000695 0 0.509041 0.766493 0 0
0.0007 0 0.587785 0.770513 0 0
0.000705 0 0.661312 0.774503 0 0
0.00071 0 0.728969 0.778462 0 0
0.000715 0 0.790155 0.782391 0 0
0.00072 0 0.844328 0.786288 0 0
0.000725 0 0.891007 0.790155 0 0
0.00073 0 0.929776 0.79399 0 0
0.000735 0 0.960294 0.797794 0 0
0.00074 0 0.982287 0.801567 0 0
0.000745 0 0.995562 0.805308 0 0
0.00075 0 1 0.809017 0 0
0.000755 0 0.995562 0.812694 0 0
0.00076 0 0.982287 0.816339 0 0
0.000765 0 0.960294 0.819952 0 0
0.00077 0 0.929776 0.823533 0 0
0.000775 0 0.891007 0.827081 0 0
0.00078 0 0.844328 0.830596 0 0
0.000785 0 0.790155 0.834078 0 0
0.00079 0 0.728969 0.837528 0 0
0.000795 0 0.661312 0.840945 0 0
0.0008 0 0.587785 0.844328 0 0
0.000805 0 0.509041 0.847678 0 0
0.00081 0 0.425779 0.850994 0 0
0.000815 0 0.338738 0.854277 0 0
0.00082 0 0.24869 0.857527 0 0
0.000825 0 0.156434 0.860742 0 0
0.00083 0 0.0627905 0.863923 0 0
0.000835 0 -0.0314108 0.867071 0 0
0.00084 0 -0.125333 0.870184 0 0
0.000845 0 -0.218143 0.873262 0 0
0.00085 0 -0.309017 0.876307 0 0
0.000855 0 -0.397148 0.879316 0 0
0.00086 0 -0.481754 0.882291 0 0
0.000865 0 -0.562083 0.885231 0 0
0.00087 0 -0.637424 0.888136 0 0
0.000875 0 -0.707107 0.891007 0 0
0.00088 0 -0.770513 0.893841 0 0
0.000885 0 -0.827081 0.896641 0 0
0.00089 0 -0.876307 0.899405 0 0
0.000895 0 -0.917755 0.902134 0 0
0.0009 0 -0.951057 0.904827 0 0
0.000905 0 -0.975917 0.907484 0 0
0.00091 0 -0.992115 0.910106 0 0
0.000915 0 -0.999507 0.912692 0 0
0.00092 0 -0.998027 0.915241 0 0
0.000925 0 -0.987688 0.917755 0 0
0.00093 0 -0.968583 0.920232 0 0
0.000935 0 -0.940881 0.922673 0 0
0.00094 0 -0.904827 0.925077 0 0
0.000945 0 -0.860742 0.927445 0 0
0.00095 0 -0.809017 0.929776 0 0
0.000955 0 -0.750111 0.932071 0 0
0.00096 0 -0.684547 0.934329 0 0
0.000965 0 -0.612907 0.93655 0 0
0.00097 0 -0.535827 0.938734 0 0
0.000975 0 -0.45399 0.940881 0 0
0.00098 0 -0.368125 0.942991 0 0
0.000985 0 -0.278991 0.945063 0 0
0.00099 0 -0.187381 0.947098 0 0
0.000995 0 -0.0941083 0.949096 0 0
0.001 0 4.18978e-14 0.951057 0 0
0.001005 0 0.0941083 0.952979 0 0
0.00101 0 0.187381 0.954865 0 0
0.001015 0 0.278991 0.956712 0 0
0.00102 0 0.368125 0.958522 0 0
0.001025 0 0.45399 0.960294 0 0
0.00103 0 0.535827 0.962028 0 0
0.001035 0 0.612907 0.963724 0 0
0.00104 0 0.684547 0.965382 0 0
0.001045 0 0.750111 0.967001 0 0
0.00105 0 0.809017 0.968583 0 0
0.001055 0 0.860742 0.970127 0 0
0.00106 0 0.904827 0.971632 0 0
0.001065 0 0.940881 0.973099 0 0
0.00107 0 0.968583 0.974527 0 0
0.001075 0 0.987688 0.975917 0 0
0.00108 0 0.998027 0.977268 0 0
0.001085 0 0.999507 0.978581 0 0
0.00109 0 0.992115 0.979855 0 0
0.001095 0 0.975917 0.981091 0 0
0.0011 0 0.951057 0.982287 0 0
0.001105 0 0.917755 0.983445 0 0
0.00111 0 0.876307 0.984564 0 0
0.001115 0 0.827081 0.985645 0 0
0.00112 0 0.770513 0.986686 0 0
0.001125 0 0.707107 0.987688 0 0
0.00113 0 0.637424 0.988652 0 0
0.001135 0 0.562083 0.989576 0 0
0.00114 0 0.481754 0.990461 0 0
0.001145 0 0.397148 0.991308 0 0
0.00115 0 0.309017 0.992115 0 0
0.001155 0 0.218143 0.992883 0 0
0.00116 0 0.125333 0.993611 0 0
0.001165 0 0.0314108 0.994301 0 0
0.00117 0 -0.0627905 0.994951 0 0
0.001175 0 -0.156434 0.995562 0 0
0.00118 0 -0.24869 0.996134 0 0
0.001185 0 -0.338738 0.996666 0 0
0.00119 0 -0.425779 0.997159 0 0
0.001195 0 -0.509041 0.997613 0 0
0.0012 0 -0.587785 0.998027 0 0
0.001205 0 -0.661312 0.998402 0 0
0.00121 0 -0.728969 0.998737 0 0
0.001215 0 -0.790155 0.999033 0 0
0.00122 0 -0.844328 0.999289 0 0
0.001225 0 -0.891007 0.999507 0 0
0.00123 0 -0.929776 0.999684 0 0
0.001235 0 -0.960294 0.999822 0 0
0.00124 0 -0.982287 0.999921 0 0
0.001245 0 -0.995562 0.99998 0 0
0.00125 0 -1 1 0 0
0.001255 0 -0.995562 0.99998 0 0
0.00126 0 -0.982287 0.999921 0 0
0.001265 0 -0.960294 0.999822 0 0
0.00127 0 -0.929776 0.999684 0 0
0.001275 0 -0.891007 0.999507 0 0
0.00128 0 -0.844328 0.999289 0 0
0.001285 0 -0.790155 0.999033 0 0
0.00129 0 -0.728969 0.998737 0 0
0.001295 0 -0.661312 0.998402 0 0
0.0013 0 -0.587785 0.998027 0 0
0.001305 0 -0.509041 0.997613 0 0
0.00131 0 -0.425779 0.997159 0 0
0.001315 0 -0.338738 0.996666 0 0
0.00132 0 -0.24869 0.996134 0 0
0.001325 0 -0.156434 0.995562 0 0
0.00133 0 -0.0627905 0.994951 0 0
0.001335 0 0.0314108 0.994301 0 0
0.00134 0 0.125333 0.993611 0 0
0.001345 0 0.218143 0.992883 0 0
0.00135 0 0.309017 0.992115 0 0
0.001355 0 0.397148 0.991308 0 0
0.00136 0 0.481754 0.990461 0 0
0.001365 0 0.562083 0.989576 0 0
0.00137 0 0.637424 0.988652 0 0
0.001375 0 0.707107 0.987688 0 0
0.00138 0 0.770513 0.986686 0 0
0.001385 0 0.827081 0.985645 0 0
0.00139 0 0.876307 0.984564 0 0
0.001395 0 0.917755 0.983445 0 0
0.0014 0 0.951057 0.982287 0 0
0.001405 0 0.975917 0.981091 0 0
0.00141 0 0.992115 0.979855 0 0
0.001415 0 0.999507 0.978581 0 0
0.00142 0 0.998027 0.977268 0 0
0.001425 0 0.987688 0.975917 0 0
0.00143 0 0.968583 0.974527 0 0
0.001435 0 0.940881 0.973099 0 0
0.00144 0 0.904827 0.971632 0 0
0.001445 0 0.860742 0.970127 0 0
0.00145 0 0.809017 0.968583 0 0
0.001455 0 0.750111 0.967001 0 0
0.00146 0 0.684547 0.965382 0 0
0.001465 0 0.612907 0.963724 0 0
0.00147 0 0.535827 0.962028 0 0
0.001475 0 0.45399 0.960294 0 0
0.00148 0 0.368125 0.958522 0 0
0.001485 0 0.278991 0.956712 0 0
0.00149 0 0.187381 0.954865 0 0
0.001495 0 0.0941083 0.952979 0 0
0.0015 0 -6.63994e-14 0.951057 0 0
0.001505 0 -0.0941083 0.949096 0 0
0.00151 0 -0.187381 0.947098 0 0
0.001515 0 -0.278991 0.945063 0 0
0.00152 0 -0.368125 0.942991 0 0
0.001525 0 -0.45399 0.940881 0 0
0.00153 0 -0.535827 0.938734 0 0
0.001535 0 -0.612907 0.93655 0 0
0.00154 0 -0.684547 0.934329 0 0
0.001545 0 -0.750111 0.932071 0 0
0.00155 0 -0.809017 0.929776 0 0
0.001555 0 -0.860742 0.927445 0 0
0.00156 0 -0.904827 0.925077 0 0
0.001565 0 -0.940881 0.922673 0 0
0.00157 0 -0.968583 0.920232 0 0
0.001575 0 -0.987688 0.917755 0 0
0.00158 0 -0.998027 0.915241 0 0
0.001585 0 -0.999507 0.912692 0 0
0.00159 0 -0.992115 0.910106 0 0
0.001595 0 -0.975917 0.907484 0 0
0.0016 0 -0.951057 0.904827 0 0
0.001605 0 -0.917755 0.902134 0 0
0.00161 0 -0.876307 0.899405 0 0
0.001615 0 -0.827081 0.896641 0 0
0.00162 0 -0.770513 0.893841 0 0
0.001625 0 -0.707107 0.891007 0 0
0.00163 0 -0.637424 0.888136 0 0
0.001635 0 -0.562083 0.885231 0 0
0.00164 0 -0.481754 0.882291 0 0
0.001645 0 -0.397148 0.879316 0 0
0.00165 0 -0.309017 0.876307 0 0
0.001655 0 -0.218143 0.873262 0 0
0.00166 0 -0.125333 0.870184 0 0
0.001665 0 -0.0314108 0.867071 0 0
0.00167 0 0.0627905 0.863923 0 0
0.001675 0 0.156434 0.860742 0 0
0.00168 0 0.24869 0.857527 0 0
0.001685 0 0.338738 0.854277 0 0
0.00169 0 0.425779 0.850994 0 0
0.001695 0 0.509041 0.847678 0 0
0.0017 0 0.587785 0.844328 0 0
0.001705 0 0.661312 0.840945 0 0
0.00171 0 0.728969 0.837528 0 0
0.001715 0 0.790155 0.834078 0 0
0.00172 0 0.844328 0.830596 0 0
0.001725 0 0.891007 0.827081 0 0
0.00173 0 0.929776 0.823533 0 0
0.001735 0 0.960294 0.819952 0 0
0.00174 0 0.982287 0.816339 0 0
0.001745 0 0.995562 0.812694 0 0
0.00175 0 1 0.809017 0 0
0.001755 0 0.995562 0.805308 0 0
0.00176 0 0.982287 0.801567 0 0
0.001765 0 0.960294 0.797794 0 0
0.00177 0 0.929776 0.79399 0 0
0.001775 0 0.891007 0.790155 0 0
0.00178 0 0.844328 0.786288 0 0
0.001785 0 0.790155 0.782391 0 0
0.00179 0 0.728969 0.778462 0 0
0.001795 0 0.661312 0.774503 0 0
0.0018 0 0.587785 0.770513 0 0
0.001805 0 0.509041 0.766493 0 0
0.00181 0 0.425779 0.762443 0 0
0.001815 0 0.338738 0.758362 0 0
0.00182 0 0.24869 0.754251 0 0
0.001825 0 0.156434 0.750111 0 0
0.00183 0 0.0627905 0.745941 0 0
0.001835 0 -0.0314108 0.741742 0 0
0.00184 0 -0.125333 0.737513 0 0
0.001845 0 -0.218143 0.733255 0 0
0.00185 0 -0.309017 0.728969 0 0
0.001855 0 -0.397148 0.724653 0 0
0.00186 0 -0.481754 0.720309 0 0
0.001865 0 -0.562083 0.715936 0 0
0.00187 0 -0.637424 0.711536 0 0
0.001875 0 -0.707107 0.707107 0 0
0.00188 0 -0.770513 0.70265 0 0
0.001885 0 -0.827081 0.698165 0 0
0.00189 0 -0.876307 0.693653 0 0
0.001895 0 -0.917755 0.689114 0 0
0.0019 0 -0.951057 0.684547 0 0
0.001905 0 -0.975917 0.679953 0 0
0.00191 0 -0.992115 0.675333 0 0
0.001915 0 -0.999507 0.670686 0 0
0.00192 0 -0.998027 0.666012 0 0
0.001925 0 -0.987688 0.661312 0 0
0.00193 0 -0.968583 0.656586 0 0
0.001935 0 -0.940881 0.651834 0 0
0.00194 0 -0.904827 0.647056 0 0
0.001945 0 -0.860742 0.642253 0 0
0.00195 0 -0.809017 0.637424 0 0
0.001955 0 -0.750111 0.63257 0 0
0.00196 0 -0.684547 0.627691 0 0
0.001965 0 -0.612907 0.622788 0 0
0.00197 0 -0.535827 0.61786 0 0
0.001975 0 -0.45399 0.612907 0 0
0.00198 0 -0.368125 0.60793 0 0
0.001985 0 -0.278991 0.60293 0 0
0.00199 0 -0.187381 0.597905 0 0
0.001995 0 -0.0941083 0.592857 0 0
0.002 0 4.82685e-14 0.587785 0 0
0.002005 0 0.0941083 0.58269 0 0
0.00201 0 0.187381 0.577573 0 0
0.002015 0 0.278991 0.572432 0 0
0.00202 0 0.368125 0.567269 0 0
0.002025 0 0.45399 0.562083 0 0
0.00203 0 0.535827 0.556876 0 0
0.002035 0 0.612907 0.551646 0 0
0.00204 0 0.684547 0.546394 0 0
0.002045 0 0.750111 0.541121 0 0
0.00205 0 0.809017 0.535827 0 0
0.002055 0 0.860742 0.530511 0 0
0.00206 0 0.904827 0.525175 0 0
0.002065 0 0.940881 0.519817 0 0
0.00207 0 0.968583 0.51444 0 0
0.002075 0 0.987688 0.509041 0 0
0.00208 0 0.998027 0.503623 0 0
0.002085 0 0.999507 0.498185 0 0
0.00209 0 0.992115 0.492727 0 0
0.002095 0 0.975917 0.48725 0 0
0.0021 0 0.951057 0.481754 0 0
0.002105 0 0.917755 0.476238 0 0
0.00211 0 0.876307 0.470704 0 0
0.002115 0 0.827081 0.465151 0 0
0.00212 0 0.770513 0.45958 0 0
0.002125 0 0.707107 0.45399 0 0
0.00213 0 0.637424 0.448383 0 0
0.002135 0 0.562083 0.442758 0 0
0.00214 0 0.481754 0.437116 0 0
0.002145 0 0.397148 0.431456 0 0
0.00215 0 0.309017 0.425779 0 0
0.002155 0 0.218143 0.420086 0 0
0.00216 0 0.125333 0.414376 0 0
0.002165 0 0.0314108 0.408649 0 0
0.00217 0 -0.0627905 0.402906 0 0
0.002175 0 -0.156434 0.397148 0 0
0.00218 0 -0.24869 0.391374 0 0
0.002185 0 -0.338738 0.385584 0 0
0.00219 0 -0.425779 0.379779 0 0
0.002195 0 -0.509041 0.373959 0 0
0.0022 0 -0.587785 0.368125 0 0
0.002205 0 -0.661312 0.362275 0 0
0.00221 0 -0.728969 0.356412 0 0
0.002215 0 -0.790155 0.350534 0 0
0.00222 0 -0.844328 0.344643 0 0
0.002225 0 -0.891007 0.338738 0 0
0.00223 0 -0.929776 0.33282 0 0
0.002235 0 -0.960294 0.326888 0 0
0.00224 0 -0.982287 0.320944 0 0
0.002245 0 -0.995562 0.314987 0 0
0.00225 0 -1 0.309017 0 0
0.002255 0 -0.995562 0.303035 0 0
0.00226 0 -0.982287 0.297042 0 0
0.002265 0 -0.960294 0.291036 0 0
0.00227 0 -0.929776 0.285019 0 0
0.002275 0 -0.891007 0.278991 0 0
0.00228 0 -0.844328 0.272952 0 0
0.002285 0 -0.790155 0.266902 0 0
0.00229 0 -0.728969 0.260842 0 0
0.002295 0 -0.661312 0.254771 0 0
0.0023 0 -0.587785 0.24869 0 0
0.002305 0 -0.509041 0.242599 0 0
0.00231 0 -0.425779 0.236499 0 0
0.002315 0 -0.338738 0.230389 0 0
0.00232 0 -0.24869 0.224271 0 0
0.002325 0 -0.156434 0.218143 0 0
0.00233 0 -0.0627905 0.212007 0 0
0.002335 0 0.0314108 0.205863 0 0
0.00234 0 0.125333 0.19971 0 0
0.002345 0 0.218143 0.193549 0 0
0.00235 0 0.309017 0.187381 0 0
0.002355 0 0.397148 0.181206 0 0
0.00236 0 0.481754 0.175023 0 0
0.002365 0 0.562083 0.168833 0 0
0.00237 0 0.637424 0.162637 0 0
0.002375 0 0.707107 0.156434 0 0
0.00238 0 0.770513 0.150226 0 0
0.002385 0 0.827081 0.144011 0 0
0.00239 0 0.876307 0.13779 0 0
0.002395 0 0.917755 0.131564 0 0
0.0024 0 0.951057 0.125333 0 0
0.002405 0 0.975917 0.119097 0 0
0.00241 0 0.992115 0.112856 0 0
0.002415 0 0.999507 0.106611 0 0
0.00242 0 0.998027 0.100362 0 0
0.002425 0 0.987688 0.0941083 0 0
0.00243 0 0.968583 0.0878512 0 0
0.002435 0 0.940881 0.0815906 0 0
0.00244 0 0.904827 0.0753268 0 0
0.002445 0 0.860742 0.06906 0 0
0.00245 0 0.809017 0.0627905 0 0
0.002455 0 0.750111 0.0565185 0 0
0.00246 0 0.684547 0.0502443 0 0
0.002465 0 0.612907 0.0439681 0 0
0.00247 0 0.535827 0.0376902 0 0
0.002475 0 0.45399 0.0314108 0 0
0.00248 0 0.368125 0.0251301 0 0
0.002485 0 0.278991 0.0188484 0 0
0.00249 0 0.187381 0.012566 0 0
0.002495 0 0.0941083 0.00628314 0 0
0.0025 0 3.39345e-13 2.23269e-14 0 0
0.002505 0 -0.0941083 -0.00628314 0 0
0.00251 0 -0.187381 -0.012566 0 0
0.002515 0 -0.278991 -0.0188484 0 0
0.00252 0 -0.368125 -0.0251301 0 0
0.002525 0 -0.45399 -0.0314108 0 0
0.00253 0 -0.535827 -0.0376902 0 0
0.002535 0 -0.612907 -0.0439681 0 0
0.00254 0 -0.684547 -0.0502443 0 0
0.002545 0 -0.750111 -0.0565185 0 0
0.00255 0 -0.809017 -0.0627905 0 0
0.002555 0 -0.860742 -0.06906 0 0
0.00256 0 -0.904827 -0.0753268 0 0
0.002565 0 -0.940881 -0.0815906 0 0
0.00257 0 -0.968583 -0.0878512 0 0
0.002575 0 -0.987688 -0.0941083 0 0
0.00258 0 -0.998027 -0.100362 0 0
0.002585 0 -0.999507 -0.106611 0 0
0.00259 0 -0.992115 -0.112856 0 0
0.002595 0 -0.975917 -0.119097 0 0
0.0026 0 -0.951057 -0.125333 0 0
0.002605 0 -0.917755 -0.131564 0 0
0.00261 0 -0.876307 -0.13779 0 0
0.002615 0 -0.827081 -0.144011 0 0
0.00262 0 -0.770513 -0.150226 0 0
0.002625 0 -0.707107 -0.156434 0 0
0.00263 0 -0.637424 -0.162637 0 0
0.002635 0 -0.562083 -0.168833 0 0
0.00264 0 -0.481754 -0.175023 0 0
0.002645 0 -0.397148 -0.181206 0 0
0.00265 0 -0.309017 -0.187381 0 0
0.002655 0 -0.218143 -0.193549 0 0
0.00266 0 -0.125333 -0.19971 0 0
0.002665 0 -0.0314108 -0.205863 0 0
0.00267 0 0.0627905 -0.212007 0 0
0.002675 0 0.156434 -0.218143 0 0
0.00268 0 0.24869 -0.224271 0 0
0.002685 0 0.338738 -0.230389 0 0
0.00269 0 0.425779 -0.236499 0 0
0.002695 0 0.509041 -0.242599 0 0
0.0027 0 0.587785 -0.24869 0 0
0.002705 0 0.661312 -0.254771 0 0
0.00271 0 0.728969 -0.260842 0 0
0.002715 0 0.790155 -0.266902 0 0
0.00272 0 0.844328 -0.272952 0 0
0.002725 0 0.891007 -0.278991 0 0
0.00273 0 0.929776 -0.285019 0 0
0.002735 0 0.960294 -0.291036 0 0
0.00274 0 0.982287 -0.297042 0 0
0.002745 0 0.995562 -0.303035 0 0
0.00275 0 1 -0.309017 0 0
0.002755 0 0.995562 -0.314987 0 0
0.00276 0 0.982287 -0.320944 0 0
0.002765 0 0.960294 -0.326888 0 0
0.00277 0 0.929776 -0.33282 0 0
0.002775 0 0.891007 -0.338738 0 0
0.00278 0 0.844328 -0.344643 0 0
0.002785 0 0.790155 -0.350534 0 0
0.00279 0 0.728969 -0.356412 0 0
0.002795 0 0.661312 -0.362275 0 0
0.0028 0 0.587785 -0.368125 0 0
0.002805 0 0.509041 -0.373959 0 0
0.00281 0 0.425779 -0.379779 0 0
0.002815 0 0.338738 -0.385584 0 0
0.00282 0 0.24869 -0.391374 0 0
0.002825 0 0.156434 -0.397148 0 0
0.00283 0 0.0627905 -0.402906 0 0
0.002835 0 -0.0314108 -0.408649 0 0
0.00284 0 -0.125333 -0.414376 0 0
0.002845 0 -0.218143 -0.420086 0 0
0.00285 0 -0.309017 -0.425779 0 0
0.002855 0 -0.397148 -0.431456 0 0
0.00286 0 -0.481754 -0.437116 0 0
0.002865 0 -0.562083 -0.442758 0 0
0.00287 0 -0.637424 -0.448383 0 0
0.002875 0 -0.707107 -0.45399 0 0
0.00288 0 -0.770513 -0.45958 0 0
0.002885 0 -0.827081 -0.465151 0 0
0.00289 0 -0.876307 -0.470704 0 0
0.002895 0 -0.917755 -0.476238 0 0
0.0029 0 -0.951057 -0.481754 0 0
0.002905 0 -0.975917 -0.48725 0 0
0.00291 0 -0.992115 -0.492727 0 0
0.002915 0 -0.999507 -0.498185 0 0
0.00292 0 -0.998027 -0.503623 0 0
0.002925 0 -0.987688 -0.509041 0 0
0.00293 0 -0.968583 -0.51444 0 0
0.002935 0 -0.940881 -0.519817 0 0
0.00294 0 -0.904827 -0.525175 0 0
0.002945 0 -0.860742 -0.530511 0 0
0.00295 0 -0.809017 -0.535827 0 0
0.002955 0 -0.750111 -0.541121 0 0
0.00296 0 -0.684547 -0.546394 0 0
0.002965 0 -0.612907 -0.551646 0 0
0.00297 0 -0.535827 -0.556876 0 0
0.002975 0 -0.45399 -0.562083 0 0
0.00298 0 -0.368125 -0.567269 0 0
0.002985 0 -0.278991 -0.572432 0 0
0.00299 0 -0.187381 -0.577573 0 0
0.002995 0 -0.0941083 -0.58269 0 0
0.003 0 -7.19852e-13 -0.587785 0 0
0.003005 0 0.0941083 -0.592857 0 0
0.00301 0 0.187381 -0.597905 0 0
0.003015 0 0.278991 -0.60293 0 0
0.00302 0 0.368125 -0.60793 0 0
0.003025 0 0.45399 -0.612907 0 0
0.00303 0 0.535827 -0.61786 0 0
0.003035 0 0.612907 -0.622788 0 0
0.00304 0 0.684547 -0.627691 0 0
0.003045 0 0.750111 -0.63257 0 0
0.00305 0 0.809017 -0.637424 0 0
0.003055 0 0.860742 -0.642253 0 0
0.00306 0 0.904827 -0.647056 0 0
0.003065 0 0.940881 -0.651834 0 0
0.00307 0 0.968583 -0.656586 0 0
0.003075 0 0.987688 -0.661312 0 0
0.00308 0 0.998027 -0.666012 0 0
0.003085 0 0.999507 -0.670686 0 0
0.00309 0 0.992115 -0.675333 0 0
0.003095 0 0.975917 -0.679953 0 0
0.0031 0 0.951057 -0.684547 0 0
0.003105 0 0.917755 -0.689114 0 0
0.00311 0 0.876307 -0.693653 0 0
0.003115 0 0.827081 -0.698165 0 0
0.00312 0 0.770513 -0.70265 0 0
0.003125 0 0.707107 -0.707107 0 0
0.00313 0 0.637424 -0.711536 0 0
0.003135 0 0.562083 -0.715936 0 0
0.00314 0 0.481754 -0.720309 0 0
0.003145 0 0.397148 -0.724653 0 0
0.00315 0 0.309017 -0.728969 0 0
0.003155 0 0.218143 -0.733255 0 0
0.00316 0 0.125333 -0.737513 0 0
0.003165 0 0.0314108 -0.741742 0 0
0.00317 0 -0.0627905 -0.745941 0 0
0.003175 0 -0.156434 -0.750111 0 0
0.00318 0 -0.24869 -0.754251 0 0
0.003185 0 -0.338738 -0.758362 0 0
0.00319 0 -0.425779 -0.762443 0 0
0.003195 0 -0.509041 -0.766493 0 0
0.0032 0 -0.587785 -0.770513 0 0
0.003205 0 -0.661312 -0.774503 0 0
0.00321 0 -0.728969 -0.778462 0 0
0.003215 0 -0.790155 -0.782391 0 0
0.00322 0 -0.844328 -0.786288 0 0
0.003225 0 -0.891007 -0.790155 0 0
0.00323 0 -0.929776 -0.79399 0 0
0.003235 0 -0.960294 -0.797794 0 0
0.00324 0 -0.982287 -0.801567 0 0
0.003245 0 -0.995562 -0.805308 0 0
0.00325 0 -1 -0.809017 0 0
0.003255 0 -0.995562 -0.812694 0 0
0.00326 0 -0.982287 -0.816339 0 0
0.003265 0 -0.960294 -0.819952 0 0
0.00327 0 -0.929776 -0.823533 0 0
0.003275 0 -0.891007 -0.827081 0 0
0.00328 0 -0.844328 -0.830596 0 0
0.003285 0 -0.790155 -0.834078 0 0
0.00329 0 -0.728969 -0.837528 0 0
0.003295 0 -0.661312 -0.840945 0 0
0.0033 0 -0.587785 -0.844328 0 0
0.003305 0 -0.509041 -0.847678 0 0
0.00331 0 -0.425779 -0.850994 0 0
0.003315 0 -0.338738 -0.854277 0 0
0.00332 0 -0.24869 -0.857527 0 0
0.003325 0 -0.156434 -0.860742 0 0
0.00333 0 -0.0627905 -0.863923 0 0
0.003335 0 0.0314108 -0.867071 0 0
0.00334 0 0.125333 -0.870184 0 0
0.003345 0 0.218143 -0.873262 0 0
0.00335 0 0.309017 -0.876307 0 0
0.003355 0 0.397148 -0.879316 0 0
0.00336 0 0.481754 -0.882291 0 0
0.003365 0 0.562083 -0.885231 0 0
0.00337 0 0.637424 -0.888136 0 0
0.003375 0 0.707107 -0.891007 0 0
0.00338 0 0.770513 -0.893841 0 0
0.003385 0 0.827081 -0.896641 0 0
0.00339 0 0.876307 -0.899405 0 0
0.003395 0 0.917755 -0.902134 0 0
0.0034 0 0.951057 -0.904827 0 0
0.003405 0 0.975917 -0.907484 0 0
0.00341 0 0.992115 -0.910106 0 0
0.003415 0 0.999507 -0.912692 0 0
0.00342 0 0.998027 -0.915241 0 0
0.003425 0 0.987688 -0.917755 0 0
0.00343 0 0.968583 -0.920232 0 0
0.003435 0 0.940881 -0.922673 0 0
0.00344 0 0.904827 -0.925077 0 0
0.003445 0 0.860742 -0.927445 0 0
0.00345 0 0.809017 -0.929776 0 0
0.003455 0 0.750111 -0.932071 0 0
0.00346 0 0.684547 -0.934329 0 0
0.003465 0 0.612907 -0.93655 0 0
0.00347 0 0.535827 -0.938734 0 0
0.003475 0 0.45399 -0.940881 0 0
0.00348 0 0.368125 -0.942991 0 0
0.003485 0 0.278991 -0.945063 0 0
0.00349 0 0.187381 -0.947098 0 0
0.003495 0 0.0941083 -0.949096 0 0
0.0035 0 1.10747e-12 -0.951057 0 0
0.003505 0 -0.0941083 -0.952979 0 0
0.00351 0 -0.187381 -0.954865 0 0
0.003515 0 -0.278991 -0.956712 0 0
0.00352 0 -0.368125 -0.958522 0 0
0.003525 0 -0.45399 -0.960294 0 0
0.00353 0 -0.535827 -0.962028 0 0
0.003535 0 -0.612907 -0.963724 0 0
0.00354 0 -0.684547 -0.965382 0 0
0.003545 0 -0.750111 -0.967001 0 0
0.00355 0 -0.809017 -0.968583 0 0
0.003555 0 -0.860742 -0.970127 0 0
0.00356 0 -0.904827 -0.971632 0 0
0.003565 0 -0.940881 -0.973099 0 0
0.00357 0 -0.968583 -0.974527 0 0
0.003575 0 -0.987688 -0.975917 0 0
0.00358 0 -0.998027 -0.977268 0 0
0.003585 0 -0.999507 -0.978581 0 0
0.00359 0 -0.992115 -0.979855 0 0
0.003595 0 -0.975917 -0.981091 0 0
0.0036 0 -0.951057 -0.982287 0 0
0.003605 0 -0.917755 -0.983445 0 0
0.00361 0 -0.876307 -0.984564 0 0
0.003615 0 -0.827081 -0.985645 0 0
0.00362 0 -0.770513 -0.986686 0 0
0.003625 0 -0.707107 -0.987688 0 0
0.00363 0 -0.637424 -0.988652 0 0
0.003635 0 -0.562083 -0.989576 0 0
0.00364 0 -0.481754 -0.990461 0 0
0.003645 0 -0.397148 -0.991308 0 0
0.00365 0 -0.309017 -0.992115 0 0
0.003655 0 -0.218143 -0.992883 0 0
0.00366 0 -0.125333 -0.993611 0 0
0.003665 0 -0.0314108 -0.994301 0 0
0.00367 0 0.0627905 -0.994951 0 0
0.003675 0 0.156434 -0.995562 0 0
0.00368 0 0.24869 -0.996134 0 0
0.003685 0 0.338738 -0.996666 0 0
0.00369 0 0.425779 -0.997159 0 0
0.003695 0 0.509041 -0.997613 0 0
0.0037 0 0.587785 -0.998027 0 0
0.003705 0 0.661312 -0.998402 0 0
0.00371 0 0.728969 -0.998737 0 0
0.003715 0 0.790155 -0.999033 0 0
0.00372 0 0.844328 -0.999289 0 0
0.003725 0 0.891007 -0.999507 0 0
0.00373 0 0.929776 -0.999684 0 0
0.003735 0 0.960294 -0.999822 0 0
0.00374 0 0.982287 -0.999921 0 0
0.003745 0 0.995562 -0.99998 0 0
0.00375 0 1 -1 0 0
0.003755 0 0.995562 -0.99998 0 0
0.00376 0 0.982287 -0.999921 0 0
0.003765 0 0.960294 -0.999822 0 0
0.00377 0 0.929776 -0.999684 0 0
0.003775 0 0.891007 -0.999507 0 0
0.00378 0 0.844328 -0.999289 0 0
0.003785 0 0.790155 -0.999033 0 0
0.00379 0 0.728969 -0.998737 0 0
0.003795 0 0.661312 -0.998402 0 0
0.0038 0 0.587785 -0.998027 0 0
0.003805 0 0.509041 -0.997613 0 0
0.00381 0 0.425779 -0.997159 0 0
0.003815 0 0.338738 -0.996666 0 0
0.00382 0 0.24869 -0.996134 0 0
0.003825 0 0.156434 -0.995562 0 0
0.00383 0 0.0627905 -0.994951 0 0
0.003835 0 -0.0314108 -0.994301 0 0
0.00384 0 -0.125333 -0.993611 0 0
0.003845 0 -0.218143 -0.992883 0 0
0.00385 0 -0.309017 -0.992115 0 0
0.003855 0 -0.397148 -0.991308 0 0
0.00386 0 -0.481754 -0.990461 0 0
0.003865 0 -0.562083 -0.989576 0 0
0.00387 0 -0.637424 -0.988652 0 0
0.003875 0 -0.707107 -0.987688 0 0
0.00388 0 -0.770513 -0.986686 0 0
0.003885 0 -0.827081 -0.985645 0 0
0.00389 0 -0.876307 -0.984564 0 0
0.003895 0 -0.917755 -0.983445 0 0
0.0039 0 -0.951057 -0.982287 0 0
0.003905 0 -0.975917 -0.981091 0 0
0.00391 0 -0.992115 -0.979855 0 0
0.003915 0 -0.999507 -0.978581 0 0
0.00392 0 -0.998027 -0.977268 0 0
0.003925 0 -0.987688 -0.975917 0 0
0.00393 0 -0.968583 -0.974527 0 0
0.003935 0 -0.940881 -0.973099 0 0
0.00394 0 -0.904827 -0.971632 0 0
0.003945 0 -0.860742 -0.970127 0 0
0.00395 0 -0.809017 -0.968583 0 0
0.003955 0 -0.750111 -0.967001 0 0
0.00396 0 -0.684547 -0.965382 0 0
0.003965 0 -0.612907 -0.963724 0 0
0.00397 0 -0.535827 -0.962028 0 0
0.003975 0 -0.45399 -0.960294 0 0
0.00398 0 -0.368125 -0.958522 0 0
0.003985 0 -0.278991 -0.956712 0 0
0.00399 0 -0.187381 -0.954865 0 0
0.003995 0 -0.0941083 -0.952979 0 0
0.004 0 -1.49508e-12 -0.951057 0 0
0.004005 0 0.0941083 -0.949096 0 0
0.00401 0 0.187381 -0.947098 0 0
0.004015 0 0.278991 -0.945063 0 0
0.00402 0 0.368125 -0.942991 0 0
0.004025 0 0.45399 -0.940881 0 0
0.00403 0 0.535827 -0.938734 0 0
0.004035 0 0.612907 -0.93655 0 0
0.00404 0 0.684547 -0.934329 0 0
0.004045 0 0.750111 -0.932071 0 0
0.00405 0 0.809017 -0.929776 0 0
0.004055 0 0.860742 -0.927445 0 0
0.00406 0 0.904827 -0.925077 0 0
0.004065 0 0.940881 -0.922673 0 0
0.00407 0 0.968583 -0.920232 0 0
0.004075 0 0.987688 -0.917755 0 0
0.00408 0 0.998027 -0.915241 0 0
0.004085 0 0.999507 -0.912692 0 0
0.00409 0 0.992115 -0.910106 0 0
0.004095 0 0.975917 -0.907484 0 0
0.0041 0 0.951057 -0.904827 0 0
0.004105 0 0.917755 -0.902134 0 0
0.00411 0 0.876307 -0.899405 0 0
0.004115 0 0.827081 -0.896641 0 0
0.00412 0 0.770513 -0.893841 0 0
0.004125 0 0.707107 -0.891007 0 0
0.00413 0 0.637424 -0.888136 0 0
0.004135 0 0.562083 -0.885231 0 0
0.00414 0 0.481754 -0.882291 0 0
0.004145 0 0.397148 -0.879316 0 0
0.00415 0 0.309017 -0.876307 0 0
0.004155 0 0.218143 -0.873262 0 0
0.00416 0 0.125333 -0.870184 0 0
0.004165 0 0.0314108 -0.867071 0 0
0.00417 0 -0.0627905 -0.863923 0 0
0.004175 0 -0.156434 -0.860742 0 0
0.00418 0 -0.24869 -0.857527 0 0
0.004185 0 -0.338738 -0.854277 0 0
0.00419 0 -0.425779 -0.850994 0 0
0.004195 0 -0.509041 -0.847678 0 0
0.0042 0 -0.587785 -0.844328 0 0
0.004205 0 -0.661312 -0.840945 0 0
0.00421 0 -0.728969 -0.837528 0 0
0.004215 0 -0.790155 -0.834078 0 0
0.00422 0 -0.844328 -0.830596 0 0
0.004225 0 -0.891007 -0.827081 0 0
0.00423 0 -0.929776 -0.823533 0 0
0.004235 0 -0.960294 -0.819952 0 0
0.00424 0 -0.982287 -0.816339 0 0
0.004245 0 -0.995562 -0.812694 0 0
0.00425 0 -1 -0.809017 0 0
0.004255 0 -0.995562 -0.805308 0 0
0.00426 0 -0.982287 -0.801567 0 0
0.004265 0 -0.960294 -0.797794 0 0
0.00427 0 -0.929776 -0.79399 0 0
0.004275 0 -0.891007 -0.790155 0 0
0.00428 0 -0.844328 -0.786288 0 0
0.004285 0 -0.790155 -0.782391 0 0
0.00429 0 -0.728969 -0.778462 0 0
0.004295 0 -0.661312 -0.774503 0 0
0.0043 0 -0.587785 -0.770513 0 0
0.004305 0 -0.509041 -0.766493 0 0
0.00431 0 -0.425779 -0.762443 0 0
0.004315 0 -0.338738 -0.758362 0 0
0.00432 0 -0.24869 -0.754251 0 0
0.004325 0 -0.156434 -0.750111 0 0
0.00433 0 -0.0627905 -0.745941 0 0
0.004335 0 0.0314108 -0.741742 0 0
0.00434 0 0.125333 -0.737513 0 0
0.004345 0 0.218143 -0.733255 0 0
0.00435 0 0.309017 -0.728969 0 0
0.004355 0 0.397148 -0.724653 0 0
0.00436 0 0.481754 -0.720309 0 0
0.004365 0 0.562083 -0.715936 0 0
0.00437 0 0.637424 -0.711536 0 0
0.004375 0 0.707107 -0.707107 0 0
0.00438 0 0.770513 -0.70265 0 0
0.004385 0 0.827081 -0.698165 0 0
0.00439 0 0.876307 -0.693653 0 0
0.004395 0 0.917755 -0.689114 0 0
0.0044 0 0.951057 -0.684547 0 0
0.004405 0 0.975917 -0.679953 0 0
0.00441 0 0.992115 -0.675333 0 0
0.004415 0 0.999507 -0.670686 0 0
0.00442 0 0.998027 -0.666012 0 0
0.004425 0 0.987688 -0.661312 0 0
0.00443 0 0.968583 -0.656586 0 0
0.004435 0 0.940881 -0.651834 0 0
0.00444 0 0.904827 -0.647056 0 0
0.004445 0 0.860742 -0.642253 0 0
0.00445 0 0.809017 -0.637424 0 0
0.004455 0 0.750111 -0.63257 0 0
0.00446 0 0.684547 -0.627691 0 0
0.004465 0 0.612907 -0.622788 0 0
0.00447 0 0.535827 -0.61786 0 0
0.004475 0 0.45399 -0.612907 0 0
0.00448 0 0.368125 -0.60793 0 0
0.004485 0 0.278991 -0.60293 0 0
0.00449 0 0.187381 -0.597905 0 0
0.004495 0 0.0941083 -0.592857 0 0
0.0045 0 1.86848e-12 -0.587785 0 0
0.004505 0 -0.0941083 -0.58269 0 0
0.00451 0 -0.187381 -0.577573 0 0
0.004515 0 -0.278991 -0.572432 0 0
0.00452 0 -0.368125 -0.567269 0 0
0.004525 0 -0.45399 -0.562083 0 0
0.00453 0 -0.535827 -0.556876 0 0
0.004535 0 -0.612907 -0.551646 0 0
0.00454 0 -0.684547 -0.546394 0 0
0.004545 0 -0.750111 -0.541121 0 0
0.00455 0 -0.809017 -0.535827 0 0
0.004555 0 -0.860742 -0.530511 0 0
0.00456 0 -0.904827 -0.525175 0 0
0.004565 0 -0.940881 -0.519817 0 0
0.00457 0 -0.968583 -0.51444 0 0
0.004575 0 -0.987688 -0.509041 0 0
0.00458 0 -0.998027 -0.503623 0 0
0.004585 0 -0.999507 -0.498185 0 0
0.00459 0 -0.992115 -0.492727 0 0
0.004595 0 -0.975917 -0.48725 0 0
0.0046 0 -0.951057 -0.481754 0 0
0.004605 0 -0.917755 -0.476238 0 0
0.00461 0 -0.876307 -0.470704 0 0
0.004615 0 -0.827081 -0.465151 0 0
0.00462 0 -0.770513 -0.45958 0 0
0.004625 0 -0.707107 -0.45399 0 0
0.00463 0 -0.637424 -0.448383 0 0
0.004635 0 -0.562083 -0.442758 0 0
0.00464 0 -0.481754 -0.437116 0 0
0.004645 0 -0.397148 -0.431456 0 0
0.00465 0 -0.309017 -0.425779 0 0
0.004655 0 -0.218143 -0.420086 0 0
0.00466 0 -0.125333 -0.414376 0 0
0.004665 0 -0.0314108 -0.408649 0 0
0.00467 0 0.0627905 -0.402906 0 0
0.004675 0 0.156434 -0.397148 0 0
0.00468 0 0.24869 -0.391374 0 0
0.004685 0 0.338738 -0.385584 0 0
0.00469 0 0.425779 -0.379779 0 0
0.004695 0 0.509041 -0.373959 0 0
0.0047 0 0.587785 -0.368125 0 0
0.004705 0 0.661312 -0.362275 0 0
0.00471 0 0.728969 -0.356412 0 0
0.004715 0 0.790155 -0.350534 0 0
0.00472 0 0.844328 -0.344643 0 0
0.004725 0 0.891007 -0.338738 0 0
0.00473 0 0.929776 -0.33282 0 0
0.004735 0 0.960294 -0.326888 0 0
0.00474 0 0.982287 -0.320944 0 0
0.004745 0 0.995562 -0.314987 0 0
0.00475 0 1 -0.309017 0 0
0.004755 0 0.995562 -0.303035 0 0
0.00476 0 0.982287 -0.297042 0 0
0.004765 0 0.960294 -0.291036 0 0
0.00477 0 0.929776 -0.285019 0 0
0.004775 0 0.891007 -0.278991 0 0
0.00478 0 0.844328 -0.272952 0 0
0.004785 0 0.790155 -0.266902 0 0
0.00479 0 0.728969 -0.260842 0 0
0.004795 0 0.661312 -0.254771 0 0
0.0048 0 0.587785 -0.24869 0 0
0.004805 0 0.509041 -0.242599 0 0
0.00481 0 0.425779 -0.236499 0 0
0.004815 0 0.338738 -0.230389 0 0
0.00482 0 0.24869 -0.224271 0 0
0.004825 0 0.156434 -0.218143 0 0
0.00483 0 0.0627905 -0.212007 0 0
0.004835 0 -0.0314108 -0.205863 0 0
0.00484 0 -0.125333 -0.19971 0 0
0.004845 0 -0.218143 -0.193549 0 0
0.00485 0 -0.309017 -0.187381 0 0
0.004855 0 -0.397148 -0.181206 0 0
0.00486 0 -0.481754 -0.175023 0 0
0.004865 0 -0.562083 -0.168833 0 0
0.00487 0 -0.637424 -0.162637 0 0
0.004875 0 -0.707107 -0.156434 0 0
0.00488 0 -0.770513 -0.150226 0 0
0.004885 0 -0.827081 -0.144011 0 0
0.00489 0 -0.876307 -0.13779 0 0
0.004895 0 -0.917755 -0.131564 0 0
0.0049 0 -0.951057 -0.125333 0 0
0.004905 0 -0.975917 -0.119097 0 0
0.00491 0 -0.992115 -0.112856 0 0
0.004915 0 -0.999507 -0.106611 0 0
0.00492 0 -0.998027 -0.100362 0 0
0.004925 0 -0.987688 -0.0941083 0 0
0.00493 0 -0.968583 -0.0878512 0 0
0.004935 0 -0.940881 -0.0815906 0 0
0.00494 0 -0.904827 -0.0753268 0 0
0.004945 0 -0.860742 -0.06906 0 0
0.00495 0 -0.809017 -0.0627905 0 0
0.004955 0 -0.750111 -0.0565185 0 0
0.00496 0 -0.684547 -0.0502443 0 0
0.004965 0 -0.612907 -0.0439681 0 0
0.00497 0 -0.535827 -0.0376902 0 0
0.004975 0 -0.45399 -0.0314108 0 0
0.00498 0 -0.368125 -0.0251301 0 0
0.004985 0 -0.278991 -0.0188484 0 0
0.00499 0 -0.187381 -0.012566 0 0
0.004995 0 -0.0941083 -0.00628314 0 0
0.005 0 -2.25609e-12 -1.50347e-13 0 0
